/*--------------------------------*- C++ -*----------------------------------*\
| =========                 |                                                 |
| \\      /  F ield         | OpenFOAM: The Open Source CFD Toolbox           |
|  \\    /   O peration     | Version:  2.0.1                                 |
|   \\  /    A nd           | Web:      www.OpenFOAM.com                      |
|    \\/     M anipulation  |                                                 |
\*---------------------------------------------------------------------------*/

center_line
{
	type            probes;
	functionObjectLibs ("libsampling.so");
	outputControl   timeStep;
	outputInterval  1;
	probeLocations
	(
		(1.00 0 0)
		(1.03 0 0)
		(1.06 0 0)
		(1.09 0 0)
		(1.12 0 0)
		(1.15 0 0)
		(1.18 0 0)
		(1.21 0 0)
		(1.24 0 0)
		(1.27 0 0)
		(1.30 0 0)
		(1.33 0 0)
		(1.36 0 0)
		(1.39 0 0)
		(1.42 0 0)
		(1.45 0 0)
		(1.48 0 0)
		(1.51 0 0)
		(1.54 0 0)
		(1.57 0 0)
		(1.60 0 0)
		(1.63 0 0)
		(1.66 0 0)
		(1.69 0 0)
		(1.72 0 0)
		(1.75 0 0)
		(1.78 0 0)
		(1.81 0 0)
		(1.84 0 0)
		(1.87 0 0)
		(1.90 0 0)
		(1.93 0 0)
		(1.96 0 0)
		(1.99 0 0)
		(2.02 0 0)
		(2.05 0 0)
		(2.08 0 0)
		(2.11 0 0)
		(2.14 0 0)
		(2.17 0 0)
		(2.20 0 0)
		(2.23 0 0)
		(2.26 0 0)
		(2.29 0 0)
		(2.32 0 0)
		(2.35 0 0)
		(2.38 0 0)
		(2.41 0 0)
		(2.44 0 0)
		(2.47 0 0)
		(2.50 0 0)
		(2.53 0 0)
		(2.56 0 0)
		(2.59 0 0)
		(2.62 0 0)
		(2.65 0 0)
		(2.68 0 0)
		(2.71 0 0)
		(2.74 0 0)
		(2.77 0 0)
		(2.80 0 0)
		(2.83 0 0)
		(2.86 0 0)
		(2.89 0 0)
		(2.92 0 0)
		(2.95 0 0)
		(2.98 0 0)
		(3.01 0 0)
		(3.04 0 0)
		(3.07 0 0)
		(3.10 0 0)
		(3.13 0 0)
		(3.16 0 0)
		(3.19 0 0)
		(3.22 0 0)
		(3.25 0 0)
		(3.28 0 0)
		(3.31 0 0)
		(3.34 0 0)
		(3.37 0 0)
		(3.40 0 0)
		(3.43 0 0)
		(3.46 0 0)
		(3.49 0 0)
		(3.52 0 0)
		(3.55 0 0)
		(3.58 0 0)
		(3.61 0 0)
		(3.64 0 0)
		(3.67 0 0)
		(3.70 0 0)
		(3.73 0 0)
		(3.76 0 0)
		(3.79 0 0)
		(3.82 0 0)
		(3.85 0 0)
		(3.88 0 0)
		(3.91 0 0)
		(3.94 0 0)
		(3.97 0 0)
		(4.00 0 0)
		(4.03 0 0)
		(4.06 0 0)
		(4.09 0 0)
		(4.12 0 0)
		(4.15 0 0)
		(4.18 0 0)
		(4.21 0 0)
		(4.24 0 0)
		(4.27 0 0)
		(4.30 0 0)
		(4.33 0 0)
		(4.36 0 0)
		(4.39 0 0)
		(4.42 0 0)
		(4.45 0 0)
		(4.48 0 0)
		(4.51 0 0)
		(4.54 0 0)
		(4.57 0 0)
		(4.60 0 0)
		(4.63 0 0)
		(4.66 0 0)
		(4.69 0 0)
		(4.72 0 0)
		(4.75 0 0)
		(4.78 0 0)
		(4.81 0 0)
		(4.84 0 0)
		(4.87 0 0)
		(4.90 0 0)
		(4.93 0 0)
		(4.96 0 0)
		(4.99 0 0)
		(5.02 0 0)
		(5.05 0 0)
		(5.08 0 0)
		(5.11 0 0)
		(5.14 0 0)
		(5.17 0 0)
		(5.20 0 0)
		(5.23 0 0)
		(5.26 0 0)
		(5.29 0 0)
		(5.32 0 0)
		(5.35 0 0)
		(5.38 0 0)
		(5.41 0 0)
		(5.44 0 0)
		(5.47 0 0)
		(5.50 0 0)
		(5.53 0 0)
		(5.56 0 0)
		(5.59 0 0)
		(5.62 0 0)
		(5.65 0 0)
		(5.68 0 0)
		(5.71 0 0)
		(5.74 0 0)
		(5.77 0 0)
		(5.80 0 0)
		(5.83 0 0)
		(5.86 0 0)
		(5.89 0 0)
		(5.92 0 0)
		(5.95 0 0)
		(5.98 0 0)
		(6.01 0 0)
		(6.04 0 0)
		(6.07 0 0)
		(6.10 0 0)
		(6.13 0 0)
		(6.16 0 0)
		(6.19 0 0)
		(6.22 0 0)
		(6.25 0 0)
		(6.28 0 0)
		(6.31 0 0)
		(6.34 0 0)
		(6.37 0 0)
		(6.40 0 0)
		(6.43 0 0)
		(6.46 0 0)
		(6.49 0 0)
		(6.52 0 0)
		(6.55 0 0)
		(6.58 0 0)
		(6.61 0 0)
		(6.64 0 0)
		(6.67 0 0)
		(6.70 0 0)
		(6.73 0 0)
		(6.76 0 0)
		(6.79 0 0)
		(6.82 0 0)
		(6.85 0 0)
		(6.88 0 0)
		(6.91 0 0)
		(6.94 0 0)
		(6.97 0 0)
		(7.00 0 0)
		(7.03 0 0)
		(7.06 0 0)
		(7.09 0 0)
		(7.12 0 0)
		(7.15 0 0)
		(7.18 0 0)
		(7.21 0 0)
		(7.24 0 0)
		(7.27 0 0)
		(7.30 0 0)
		(7.33 0 0)
		(7.36 0 0)
		(7.39 0 0)
		(7.42 0 0)
		(7.45 0 0)
		(7.48 0 0)
		(7.51 0 0)
		(7.54 0 0)
		(7.57 0 0)
		(7.60 0 0)
		(7.63 0 0)
		(7.66 0 0)
		(7.69 0 0)
		(7.72 0 0)
		(7.75 0 0)
		(7.78 0 0)
		(7.81 0 0)
		(7.84 0 0)
		(7.87 0 0)
		(7.90 0 0)
		(7.93 0 0)
		(7.96 0 0)
		(7.99 0 0)
		(8.02 0 0)
		(8.05 0 0)
		(8.08 0 0)
		(8.11 0 0)
		(8.14 0 0)
		(8.17 0 0)
		(8.20 0 0)
		(8.23 0 0)
		(8.26 0 0)
		(8.29 0 0)
		(8.32 0 0)
		(8.35 0 0)
		(8.38 0 0)
		(8.41 0 0)
		(8.44 0 0)
		(8.47 0 0)
		(8.50 0 0)
		(8.53 0 0)
		(8.56 0 0)
		(8.59 0 0)
		(8.62 0 0)
		(8.65 0 0)
		(8.68 0 0)
		(8.71 0 0)
		(8.74 0 0)
		(8.77 0 0)
		(8.80 0 0)
		(8.83 0 0)
		(8.86 0 0)
		(8.89 0 0)
		(8.92 0 0)
		(8.95 0 0)
		(8.98 0 0)
		(9.01 0 0)
		(9.04 0 0)
		(9.07 0 0)
		(9.10 0 0)
		(9.13 0 0)
		(9.16 0 0)
		(9.19 0 0)
		(9.22 0 0)
		(9.25 0 0)
		(9.28 0 0)
		(9.31 0 0)
		(9.34 0 0)
		(9.37 0 0)
		(9.40 0 0)
		(9.43 0 0)
		(9.46 0 0)
		(9.49 0 0)
		(9.52 0 0)
		(9.55 0 0)
		(9.58 0 0)
		(9.61 0 0)
		(9.64 0 0)
		(9.67 0 0)
		(9.70 0 0)
		(9.73 0 0)
		(9.76 0 0)
		(9.79 0 0)
		(9.82 0 0)
		(9.85 0 0)
		(9.88 0 0)
		(9.91 0 0)
		(9.94 0 0)
		(9.97 0 0)
		(10.00 0 0)
		(10.03 0 0)
		(10.06 0 0)
		(10.09 0 0)
		(10.12 0 0)
		(10.15 0 0)
		(10.18 0 0)
		(10.21 0 0)
		(10.24 0 0)
		(10.27 0 0)
		(10.30 0 0)
		(10.33 0 0)
		(10.36 0 0)
		(10.39 0 0)
		(10.42 0 0)
		(10.45 0 0)
		(10.48 0 0)
		(10.51 0 0)
		(10.54 0 0)
		(10.57 0 0)
		(10.60 0 0)
		(10.63 0 0)
		(10.66 0 0)
		(10.69 0 0)
		(10.72 0 0)
		(10.75 0 0)
		(10.78 0 0)
		(10.81 0 0)
		(10.84 0 0)
		(10.87 0 0)
		(10.90 0 0)
		(10.93 0 0)
		(10.96 0 0)
		(10.99 0 0)
		(11.02 0 0)
		(11.05 0 0)
		(11.08 0 0)
		(11.11 0 0)
		(11.14 0 0)
		(11.17 0 0)
		(11.20 0 0)
		(11.23 0 0)
		(11.26 0 0)
		(11.29 0 0)
		(11.32 0 0)
		(11.35 0 0)
		(11.38 0 0)
		(11.41 0 0)
		(11.44 0 0)
		(11.47 0 0)
		(11.50 0 0)
		(11.53 0 0)
		(11.56 0 0)
		(11.59 0 0)
		(11.62 0 0)
		(11.65 0 0)
		(11.68 0 0)
		(11.71 0 0)
		(11.74 0 0)
		(11.77 0 0)
		(11.80 0 0)
		(11.83 0 0)
		(11.86 0 0)
		(11.89 0 0)
		(11.92 0 0)
		(11.95 0 0)
		(11.98 0 0)
		(12.01 0 0)
		(12.04 0 0)
		(12.07 0 0)
		(12.10 0 0)
		(12.13 0 0)
		(12.16 0 0)
		(12.19 0 0)
		(12.22 0 0)
		(12.25 0 0)
		(12.28 0 0)
		(12.31 0 0)
		(12.34 0 0)
		(12.37 0 0)
		(12.40 0 0)
		(12.43 0 0)
		(12.46 0 0)
		(12.49 0 0)
		(12.52 0 0)
		(12.55 0 0)
		(12.58 0 0)
		(12.61 0 0)
		(12.64 0 0)
		(12.67 0 0)
		(12.70 0 0)
		(12.73 0 0)
		(12.76 0 0)
		(12.79 0 0)
		(12.82 0 0)
		(12.85 0 0)
		(12.88 0 0)
		(12.91 0 0)
		(12.94 0 0)
		(12.97 0 0)
		(13.00 0 0)
		(13.03 0 0)
		(13.06 0 0)
		(13.09 0 0)
		(13.12 0 0)
		(13.15 0 0)
		(13.18 0 0)
		(13.21 0 0)
		(13.24 0 0)
		(13.27 0 0)
		(13.30 0 0)
		(13.33 0 0)
		(13.36 0 0)
		(13.39 0 0)
		(13.42 0 0)
		(13.45 0 0)
		(13.48 0 0)
		(13.51 0 0)
		(13.54 0 0)
		(13.57 0 0)
		(13.60 0 0)
		(13.63 0 0)
		(13.66 0 0)
		(13.69 0 0)
		(13.72 0 0)
		(13.75 0 0)
		(13.78 0 0)
		(13.81 0 0)
		(13.84 0 0)
		(13.87 0 0)
		(13.90 0 0)
		(13.93 0 0)
		(13.96 0 0)
		(13.99 0 0)
		(14.02 0 0)
		(14.05 0 0)
		(14.08 0 0)
		(14.11 0 0)
		(14.14 0 0)
		(14.17 0 0)
		(14.20 0 0)
		(14.23 0 0)
		(14.26 0 0)
		(14.29 0 0)
		(14.32 0 0)
		(14.35 0 0)
		(14.38 0 0)
		(14.41 0 0)
		(14.44 0 0)
		(14.47 0 0)
		(14.50 0 0)
		(14.53 0 0)
		(14.56 0 0)
		(14.59 0 0)
		(14.62 0 0)
		(14.65 0 0)
		(14.68 0 0)
		(14.71 0 0)
		(14.74 0 0)
		(14.77 0 0)
		(14.80 0 0)
		(14.83 0 0)
		(14.86 0 0)
		(14.89 0 0)
		(14.92 0 0)
		(14.95 0 0)
		(14.98 0 0)
		(15.01 0 0)
		(15.04 0 0)
		(15.07 0 0)
		(15.10 0 0)
		(15.13 0 0)
		(15.16 0 0)
		(15.19 0 0)
		(15.22 0 0)
		(15.25 0 0)
		(15.28 0 0)
		(15.31 0 0)
		(15.34 0 0)
		(15.37 0 0)
		(15.40 0 0)
		(15.43 0 0)
		(15.46 0 0)
		(15.49 0 0)
		(15.52 0 0)
		(15.55 0 0)
		(15.58 0 0)
		(15.61 0 0)
		(15.64 0 0)
		(15.67 0 0)
		(15.70 0 0)
		(15.73 0 0)
		(15.76 0 0)
		(15.79 0 0)
		(15.82 0 0)
		(15.85 0 0)
		(15.88 0 0)
		(15.91 0 0)
		(15.94 0 0)
		(15.97 0 0)
		(16.00 0 0)
		(16.03 0 0)
		(16.06 0 0)
		(16.09 0 0)
		(16.12 0 0)
		(16.15 0 0)
		(16.18 0 0)
		(16.21 0 0)
		(16.24 0 0)
		(16.27 0 0)
		(16.30 0 0)
		(16.33 0 0)
		(16.36 0 0)
		(16.39 0 0)
		(16.42 0 0)
		(16.45 0 0)
		(16.48 0 0)
		(16.51 0 0)
		(16.54 0 0)
		(16.57 0 0)
		(16.60 0 0)
		(16.63 0 0)
		(16.66 0 0)
		(16.69 0 0)
		(16.72 0 0)
		(16.75 0 0)
		(16.78 0 0)
		(16.81 0 0)
		(16.84 0 0)
		(16.87 0 0)
		(16.90 0 0)
		(16.93 0 0)
		(16.96 0 0)
		(16.99 0 0)
		(17.02 0 0)
		(17.05 0 0)
		(17.08 0 0)
		(17.11 0 0)
		(17.14 0 0)
		(17.17 0 0)
		(17.20 0 0)
		(17.23 0 0)
		(17.26 0 0)
		(17.29 0 0)
		(17.32 0 0)
		(17.35 0 0)
		(17.38 0 0)
		(17.41 0 0)
		(17.44 0 0)
		(17.47 0 0)
		(17.50 0 0)
		(17.53 0 0)
		(17.56 0 0)
		(17.59 0 0)
		(17.62 0 0)
		(17.65 0 0)
		(17.68 0 0)
		(17.71 0 0)
		(17.74 0 0)
		(17.77 0 0)
		(17.80 0 0)
		(17.83 0 0)
		(17.86 0 0)
		(17.89 0 0)
		(17.92 0 0)
		(17.95 0 0)
		(17.98 0 0)
		(18.01 0 0)
		(18.04 0 0)
		(18.07 0 0)
		(18.10 0 0)
		(18.13 0 0)
		(18.16 0 0)
		(18.19 0 0)
		(18.22 0 0)
		(18.25 0 0)
		(18.28 0 0)
		(18.31 0 0)
		(18.34 0 0)
		(18.37 0 0)
		(18.40 0 0)
		(18.43 0 0)
		(18.46 0 0)
		(18.49 0 0)
		(18.52 0 0)
		(18.55 0 0)
		(18.58 0 0)
		(18.61 0 0)
		(18.64 0 0)
		(18.67 0 0)
		(18.70 0 0)
		(18.73 0 0)
		(18.76 0 0)
		(18.79 0 0)
		(18.82 0 0)
		(18.85 0 0)
		(18.88 0 0)
		(18.91 0 0)
		(18.94 0 0)
		(18.97 0 0)
		(19.00 0 0)
		(19.03 0 0)
		(19.06 0 0)
		(19.09 0 0)
		(19.12 0 0)
		(19.15 0 0)
		(19.18 0 0)
		(19.21 0 0)
		(19.24 0 0)
		(19.27 0 0)
		(19.30 0 0)
		(19.33 0 0)
		(19.36 0 0)
		(19.39 0 0)
		(19.42 0 0)
		(19.45 0 0)
		(19.48 0 0)
		(19.51 0 0)
		(19.54 0 0)
		(19.57 0 0)
		(19.60 0 0)
		(19.63 0 0)
		(19.66 0 0)
		(19.69 0 0)
		(19.72 0 0)
		(19.75 0 0)
		(19.78 0 0)
		(19.81 0 0)
		(19.84 0 0)
		(19.87 0 0)
		(19.90 0 0)
		(19.93 0 0)
		(19.96 0 0)
		(19.99 0 0)
	);
	fields
	(
		U
	);
}

// ************************************************************************* //