/*--------------------------------*- C++ -*----------------------------------*\
| =========                 |                                                 |
| \\      /  F ield         | OpenFOAM: The Open Source CFD Toolbox           |
|  \\    /   O peration     | Version:  2.0.1                                 |
|   \\  /    A nd           | Web:      www.OpenFOAM.com                      |
|    \\/     M anipulation  |                                                 |
\*---------------------------------------------------------------------------*/

vertical_line_1p6
{
	type            probes;
	functionObjectLibs ("libsampling.so");
	outputControl   timeStep;
	outputInterval  1;
	probeLocations
	(
		(1.6 -2.000 0)
		(1.6 -1.984 0)
		(1.6 -1.968 0)
		(1.6 -1.952 0)
		(1.6 -1.936 0)
		(1.6 -1.920 0)
		(1.6 -1.904 0)
		(1.6 -1.888 0)
		(1.6 -1.872 0)
		(1.6 -1.856 0)
		(1.6 -1.840 0)
		(1.6 -1.824 0)
		(1.6 -1.808 0)
		(1.6 -1.792 0)
		(1.6 -1.776 0)
		(1.6 -1.760 0)
		(1.6 -1.744 0)
		(1.6 -1.728 0)
		(1.6 -1.712 0)
		(1.6 -1.696 0)
		(1.6 -1.680 0)
		(1.6 -1.664 0)
		(1.6 -1.648 0)
		(1.6 -1.632 0)
		(1.6 -1.616 0)
		(1.6 -1.600 0)
		(1.6 -1.584 0)
		(1.6 -1.568 0)
		(1.6 -1.552 0)
		(1.6 -1.536 0)
		(1.6 -1.520 0)
		(1.6 -1.504 0)
		(1.6 -1.488 0)
		(1.6 -1.472 0)
		(1.6 -1.456 0)
		(1.6 -1.440 0)
		(1.6 -1.424 0)
		(1.6 -1.408 0)
		(1.6 -1.392 0)
		(1.6 -1.376 0)
		(1.6 -1.360 0)
		(1.6 -1.344 0)
		(1.6 -1.328 0)
		(1.6 -1.312 0)
		(1.6 -1.296 0)
		(1.6 -1.280 0)
		(1.6 -1.264 0)
		(1.6 -1.248 0)
		(1.6 -1.232 0)
		(1.6 -1.216 0)
		(1.6 -1.200 0)
		(1.6 -1.184 0)
		(1.6 -1.168 0)
		(1.6 -1.152 0)
		(1.6 -1.136 0)
		(1.6 -1.120 0)
		(1.6 -1.104 0)
		(1.6 -1.088 0)
		(1.6 -1.072 0)
		(1.6 -1.056 0)
		(1.6 -1.040 0)
		(1.6 -1.024 0)
		(1.6 -1.008 0)
		(1.6 -0.992 0)
		(1.6 -0.976 0)
		(1.6 -0.960 0)
		(1.6 -0.944 0)
		(1.6 -0.928 0)
		(1.6 -0.912 0)
		(1.6 -0.896 0)
		(1.6 -0.880 0)
		(1.6 -0.864 0)
		(1.6 -0.848 0)
		(1.6 -0.832 0)
		(1.6 -0.816 0)
		(1.6 -0.800 0)
		(1.6 -0.784 0)
		(1.6 -0.768 0)
		(1.6 -0.752 0)
		(1.6 -0.736 0)
		(1.6 -0.720 0)
		(1.6 -0.704 0)
		(1.6 -0.688 0)
		(1.6 -0.672 0)
		(1.6 -0.656 0)
		(1.6 -0.640 0)
		(1.6 -0.624 0)
		(1.6 -0.608 0)
		(1.6 -0.592 0)
		(1.6 -0.576 0)
		(1.6 -0.560 0)
		(1.6 -0.544 0)
		(1.6 -0.528 0)
		(1.6 -0.512 0)
		(1.6 -0.496 0)
		(1.6 -0.480 0)
		(1.6 -0.464 0)
		(1.6 -0.448 0)
		(1.6 -0.432 0)
		(1.6 -0.416 0)
		(1.6 -0.400 0)
		(1.6 -0.384 0)
		(1.6 -0.368 0)
		(1.6 -0.352 0)
		(1.6 -0.336 0)
		(1.6 -0.320 0)
		(1.6 -0.304 0)
		(1.6 -0.288 0)
		(1.6 -0.272 0)
		(1.6 -0.256 0)
		(1.6 -0.240 0)
		(1.6 -0.224 0)
		(1.6 -0.208 0)
		(1.6 -0.192 0)
		(1.6 -0.176 0)
		(1.6 -0.160 0)
		(1.6 -0.144 0)
		(1.6 -0.128 0)
		(1.6 -0.112 0)
		(1.6 -0.096 0)
		(1.6 -0.080 0)
		(1.6 -0.064 0)
		(1.6 -0.048 0)
		(1.6 -0.032 0)
		(1.6 -0.016 0)
		(1.6 -0.000 0)
		(1.6 0.016 0)
		(1.6 0.032 0)
		(1.6 0.048 0)
		(1.6 0.064 0)
		(1.6 0.080 0)
		(1.6 0.096 0)
		(1.6 0.112 0)
		(1.6 0.128 0)
		(1.6 0.144 0)
		(1.6 0.160 0)
		(1.6 0.176 0)
		(1.6 0.192 0)
		(1.6 0.208 0)
		(1.6 0.224 0)
		(1.6 0.240 0)
		(1.6 0.256 0)
		(1.6 0.272 0)
		(1.6 0.288 0)
		(1.6 0.304 0)
		(1.6 0.320 0)
		(1.6 0.336 0)
		(1.6 0.352 0)
		(1.6 0.368 0)
		(1.6 0.384 0)
		(1.6 0.400 0)
		(1.6 0.416 0)
		(1.6 0.432 0)
		(1.6 0.448 0)
		(1.6 0.464 0)
		(1.6 0.480 0)
		(1.6 0.496 0)
		(1.6 0.512 0)
		(1.6 0.528 0)
		(1.6 0.544 0)
		(1.6 0.560 0)
		(1.6 0.576 0)
		(1.6 0.592 0)
		(1.6 0.608 0)
		(1.6 0.624 0)
		(1.6 0.640 0)
		(1.6 0.656 0)
		(1.6 0.672 0)
		(1.6 0.688 0)
		(1.6 0.704 0)
		(1.6 0.720 0)
		(1.6 0.736 0)
		(1.6 0.752 0)
		(1.6 0.768 0)
		(1.6 0.784 0)
		(1.6 0.800 0)
		(1.6 0.816 0)
		(1.6 0.832 0)
		(1.6 0.848 0)
		(1.6 0.864 0)
		(1.6 0.880 0)
		(1.6 0.896 0)
		(1.6 0.912 0)
		(1.6 0.928 0)
		(1.6 0.944 0)
		(1.6 0.960 0)
		(1.6 0.976 0)
		(1.6 0.992 0)
		(1.6 1.008 0)
		(1.6 1.024 0)
		(1.6 1.040 0)
		(1.6 1.056 0)
		(1.6 1.072 0)
		(1.6 1.088 0)
		(1.6 1.104 0)
		(1.6 1.120 0)
		(1.6 1.136 0)
		(1.6 1.152 0)
		(1.6 1.168 0)
		(1.6 1.184 0)
		(1.6 1.200 0)
		(1.6 1.216 0)
		(1.6 1.232 0)
		(1.6 1.248 0)
		(1.6 1.264 0)
		(1.6 1.280 0)
		(1.6 1.296 0)
		(1.6 1.312 0)
		(1.6 1.328 0)
		(1.6 1.344 0)
		(1.6 1.360 0)
		(1.6 1.376 0)
		(1.6 1.392 0)
		(1.6 1.408 0)
		(1.6 1.424 0)
		(1.6 1.440 0)
		(1.6 1.456 0)
		(1.6 1.472 0)
		(1.6 1.488 0)
		(1.6 1.504 0)
		(1.6 1.520 0)
		(1.6 1.536 0)
		(1.6 1.552 0)
		(1.6 1.568 0)
		(1.6 1.584 0)
		(1.6 1.600 0)
		(1.6 1.616 0)
		(1.6 1.632 0)
		(1.6 1.648 0)
		(1.6 1.664 0)
		(1.6 1.680 0)
		(1.6 1.696 0)
		(1.6 1.712 0)
		(1.6 1.728 0)
		(1.6 1.744 0)
		(1.6 1.760 0)
		(1.6 1.776 0)
		(1.6 1.792 0)
		(1.6 1.808 0)
		(1.6 1.824 0)
		(1.6 1.840 0)
		(1.6 1.856 0)
		(1.6 1.872 0)
		(1.6 1.888 0)
		(1.6 1.904 0)
		(1.6 1.920 0)
		(1.6 1.936 0)
		(1.6 1.952 0)
		(1.6 1.968 0)
		(1.6 1.984 0)
		(1.6 2.000 0)
	);
	fields
	(
		U
	);
}

// ************************************************************************* //
