/*--------------------------------*- C++ -*----------------------------------*\
| =========                 |                                                 |
| \\      /  F ield         | OpenFOAM: The Open Source CFD Toolbox           |
|  \\    /   O peration     | Version:  2.0.1                                 |
|   \\  /    A nd           | Web:      www.OpenFOAM.com                      |
|    \\/     M anipulation  |                                                 |
\*---------------------------------------------------------------------------*/

vertical_line_10
{
	type            probes;
	functionObjectLibs ("libsampling.so");
	outputControl   timeStep;
	outputInterval  1;
	probeLocations
	(
		(10 -2.000 0)
		(10 -1.984 0)
		(10 -1.968 0)
		(10 -1.952 0)
		(10 -1.936 0)
		(10 -1.920 0)
		(10 -1.904 0)
		(10 -1.888 0)
		(10 -1.872 0)
		(10 -1.856 0)
		(10 -1.840 0)
		(10 -1.824 0)
		(10 -1.808 0)
		(10 -1.792 0)
		(10 -1.776 0)
		(10 -1.760 0)
		(10 -1.744 0)
		(10 -1.728 0)
		(10 -1.712 0)
		(10 -1.696 0)
		(10 -1.680 0)
		(10 -1.664 0)
		(10 -1.648 0)
		(10 -1.632 0)
		(10 -1.616 0)
		(10 -1.600 0)
		(10 -1.584 0)
		(10 -1.568 0)
		(10 -1.552 0)
		(10 -1.536 0)
		(10 -1.520 0)
		(10 -1.504 0)
		(10 -1.488 0)
		(10 -1.472 0)
		(10 -1.456 0)
		(10 -1.440 0)
		(10 -1.424 0)
		(10 -1.408 0)
		(10 -1.392 0)
		(10 -1.376 0)
		(10 -1.360 0)
		(10 -1.344 0)
		(10 -1.328 0)
		(10 -1.312 0)
		(10 -1.296 0)
		(10 -1.280 0)
		(10 -1.264 0)
		(10 -1.248 0)
		(10 -1.232 0)
		(10 -1.216 0)
		(10 -1.200 0)
		(10 -1.184 0)
		(10 -1.168 0)
		(10 -1.152 0)
		(10 -1.136 0)
		(10 -1.120 0)
		(10 -1.104 0)
		(10 -1.088 0)
		(10 -1.072 0)
		(10 -1.056 0)
		(10 -1.040 0)
		(10 -1.024 0)
		(10 -1.008 0)
		(10 -0.992 0)
		(10 -0.976 0)
		(10 -0.960 0)
		(10 -0.944 0)
		(10 -0.928 0)
		(10 -0.912 0)
		(10 -0.896 0)
		(10 -0.880 0)
		(10 -0.864 0)
		(10 -0.848 0)
		(10 -0.832 0)
		(10 -0.816 0)
		(10 -0.800 0)
		(10 -0.784 0)
		(10 -0.768 0)
		(10 -0.752 0)
		(10 -0.736 0)
		(10 -0.720 0)
		(10 -0.704 0)
		(10 -0.688 0)
		(10 -0.672 0)
		(10 -0.656 0)
		(10 -0.640 0)
		(10 -0.624 0)
		(10 -0.608 0)
		(10 -0.592 0)
		(10 -0.576 0)
		(10 -0.560 0)
		(10 -0.544 0)
		(10 -0.528 0)
		(10 -0.512 0)
		(10 -0.496 0)
		(10 -0.480 0)
		(10 -0.464 0)
		(10 -0.448 0)
		(10 -0.432 0)
		(10 -0.416 0)
		(10 -0.400 0)
		(10 -0.384 0)
		(10 -0.368 0)
		(10 -0.352 0)
		(10 -0.336 0)
		(10 -0.320 0)
		(10 -0.304 0)
		(10 -0.288 0)
		(10 -0.272 0)
		(10 -0.256 0)
		(10 -0.240 0)
		(10 -0.224 0)
		(10 -0.208 0)
		(10 -0.192 0)
		(10 -0.176 0)
		(10 -0.160 0)
		(10 -0.144 0)
		(10 -0.128 0)
		(10 -0.112 0)
		(10 -0.096 0)
		(10 -0.080 0)
		(10 -0.064 0)
		(10 -0.048 0)
		(10 -0.032 0)
		(10 -0.016 0)
		(10 -0.000 0)
		(10 0.016 0)
		(10 0.032 0)
		(10 0.048 0)
		(10 0.064 0)
		(10 0.080 0)
		(10 0.096 0)
		(10 0.112 0)
		(10 0.128 0)
		(10 0.144 0)
		(10 0.160 0)
		(10 0.176 0)
		(10 0.192 0)
		(10 0.208 0)
		(10 0.224 0)
		(10 0.240 0)
		(10 0.256 0)
		(10 0.272 0)
		(10 0.288 0)
		(10 0.304 0)
		(10 0.320 0)
		(10 0.336 0)
		(10 0.352 0)
		(10 0.368 0)
		(10 0.384 0)
		(10 0.400 0)
		(10 0.416 0)
		(10 0.432 0)
		(10 0.448 0)
		(10 0.464 0)
		(10 0.480 0)
		(10 0.496 0)
		(10 0.512 0)
		(10 0.528 0)
		(10 0.544 0)
		(10 0.560 0)
		(10 0.576 0)
		(10 0.592 0)
		(10 0.608 0)
		(10 0.624 0)
		(10 0.640 0)
		(10 0.656 0)
		(10 0.672 0)
		(10 0.688 0)
		(10 0.704 0)
		(10 0.720 0)
		(10 0.736 0)
		(10 0.752 0)
		(10 0.768 0)
		(10 0.784 0)
		(10 0.800 0)
		(10 0.816 0)
		(10 0.832 0)
		(10 0.848 0)
		(10 0.864 0)
		(10 0.880 0)
		(10 0.896 0)
		(10 0.912 0)
		(10 0.928 0)
		(10 0.944 0)
		(10 0.960 0)
		(10 0.976 0)
		(10 0.992 0)
		(10 1.008 0)
		(10 1.024 0)
		(10 1.040 0)
		(10 1.056 0)
		(10 1.072 0)
		(10 1.088 0)
		(10 1.104 0)
		(10 1.120 0)
		(10 1.136 0)
		(10 1.152 0)
		(10 1.168 0)
		(10 1.184 0)
		(10 1.200 0)
		(10 1.216 0)
		(10 1.232 0)
		(10 1.248 0)
		(10 1.264 0)
		(10 1.280 0)
		(10 1.296 0)
		(10 1.312 0)
		(10 1.328 0)
		(10 1.344 0)
		(10 1.360 0)
		(10 1.376 0)
		(10 1.392 0)
		(10 1.408 0)
		(10 1.424 0)
		(10 1.440 0)
		(10 1.456 0)
		(10 1.472 0)
		(10 1.488 0)
		(10 1.504 0)
		(10 1.520 0)
		(10 1.536 0)
		(10 1.552 0)
		(10 1.568 0)
		(10 1.584 0)
		(10 1.600 0)
		(10 1.616 0)
		(10 1.632 0)
		(10 1.648 0)
		(10 1.664 0)
		(10 1.680 0)
		(10 1.696 0)
		(10 1.712 0)
		(10 1.728 0)
		(10 1.744 0)
		(10 1.760 0)
		(10 1.776 0)
		(10 1.792 0)
		(10 1.808 0)
		(10 1.824 0)
		(10 1.840 0)
		(10 1.856 0)
		(10 1.872 0)
		(10 1.888 0)
		(10 1.904 0)
		(10 1.920 0)
		(10 1.936 0)
		(10 1.952 0)
		(10 1.968 0)
		(10 1.984 0)
		(10 2.000 0)
	);
	fields
	(
		U
	);
}

// ************************************************************************* //
